Timestep Time cumulativeSelectionP cumulativeTransmissionP cumulativeSelectionAltruism cumulativeTransmissionAltruism cumulativeSelectionProduct cumulativeTransmissionProduct
0 0.000000 0.000000 -0.000000 0.000000 0.000000 0.000000 0.000000
62500 5000.000000 -0.004879 -0.007683 0.032815 0.002347 0.032570 0.002127
125000 10000.000000 -0.005455 -0.011443 0.029180 0.003058 0.028996 0.002703
187500 15000.000000 -0.002792 -0.014388 0.062186 0.003429 0.061567 0.002913
250000 20000.000000 -0.002665 -0.017334 0.062355 0.003740 0.061735 0.003026
312500 25000.000000 -0.004511 -0.019821 0.062528 0.003975 0.061867 0.003076
375000 30000.000000 -0.003282 -0.022335 0.068754 0.004283 0.067953 0.003186
437500 35000.000000 -0.007258 -0.024572 0.079571 0.004503 0.078002 0.003220
500000 40000.000000 -0.006516 -0.026331 0.085897 0.004708 0.084392 0.003263
562500 45000.000000 -0.006202 -0.027925 0.083086 0.004893 0.081693 0.003289
625000 50000.000000 -0.004075 -0.029961 0.078385 0.005150 0.077379 0.003341
687500 55000.000000 -0.003943 -0.032199 0.096969 0.005393 0.094912 0.003383
750000 60000.000000 -0.008211 -0.033899 0.100797 0.005603 0.098094 0.003448
812500 65000.000000 -0.013628 -0.035072 0.106312 0.005716 0.102805 0.003446
875000 70000.000000 -0.023054 -0.035806 0.112062 0.005803 0.106814 0.003435
937500 75000.000000 -0.028504 -0.036309 0.110299 0.005880 0.104320 0.003433
1000000 80000.000000 -0.031067 -0.037020 0.102906 0.005974 0.097355 0.003433
1062500 85000.000000 -0.035459 -0.037629 0.095289 0.006086 0.089928 0.003469
1125000 90000.000000 -0.040848 -0.038019 0.089170 0.006165 0.083892 0.003491
1187500 95000.000000 -0.040927 -0.038302 0.083287 0.006273 0.078619 0.003541
1250000 100000.000000 -0.038599 -0.038740 0.076928 0.006372 0.073207 0.003574
1312500 105000.000000 -0.037756 -0.039435 0.076525 0.006533 0.072815 0.003653
1375000 110000.000000 -0.038574 -0.039891 0.065740 0.006664 0.062830 0.003725
1437500 115000.000000 -0.038627 -0.040456 0.083551 0.006943 0.079615 0.003918
1500000 120000.000000 -0.032918 -0.041108 0.086376 0.007071 0.082863 0.003950
1562500 125000.000000 -0.027887 -0.041820 0.083903 0.007196 0.081046 0.003972
1625000 130000.000000 -0.024602 -0.042427 0.097930 0.007370 0.094247 0.004056
1687500 135000.000000 -0.022164 -0.042869 0.093306 0.007524 0.089926 0.004138
1750000 140000.000000 -0.023154 -0.043460 0.097788 0.007605 0.094017 0.004150
1812500 145000.000000 -0.018116 -0.043974 0.106794 0.007622 0.102829 0.004102
1875000 150000.000000 -0.027945 -0.044384 0.103535 0.007699 0.098663 0.004115
1937500 155000.000000 -0.025570 -0.044687 0.098219 0.007786 0.094312 0.004141
2000000 160000.000000 -0.028451 -0.045280 0.092090 0.007940 0.088420 0.004206
2062500 165000.000000 -0.032763 -0.045828 0.082294 0.008072 0.078886 0.004254
2125000 170000.000000 -0.034639 -0.046491 0.073120 0.008229 0.070462 0.004323
2187500 175000.000000 -0.030944 -0.047343 0.072312 0.008405 0.069869 0.004397
2250000 180000.000000 -0.024130 -0.048205 0.067797 0.008604 0.066342 0.004500
2312500 185000.000000 -0.018560 -0.049301 0.066166 0.008788 0.065001 0.004576
2375000 190000.000000 -0.014859 -0.050376 0.071137 0.008981 0.069795 0.004674
2437500 195000.000000 -0.024431 -0.051413 0.065061 0.009234 0.063291 0.004822
2500000 200000.000000 -0.019145 -0.052453 0.066592 0.009459 0.065300 0.004948
2562500 205000.000000 -0.012247 -0.053912 0.089100 0.009701 0.087815 0.005019
2625000 210000.000000 0.003817 -0.055478 0.088690 0.009889 0.089012 0.005020
2687500 215000.000000 0.014040 -0.056964 0.084370 0.010144 0.085664 0.005096
2750000 220000.000000 0.018649 -0.059053 0.068691 0.010412 0.070816 0.005149
2812500 225000.000000 0.025374 -0.061022 0.073093 0.010700 0.075692 0.005269
2875000 230000.000000 0.027615 -0.062639 0.082935 0.010889 0.085252 0.005294
2937500 235000.000000 0.027893 -0.064319 0.090908 0.011088 0.092910 0.005313
3000000 240000.000000 0.023990 -0.065775 0.083517 0.011262 0.085417 0.005338
3062500 245000.000000 0.027822 -0.067023 0.083634 0.011504 0.086019 0.005449
3125000 250000.000000 0.029049 -0.068624 0.083072 0.011756 0.085599 0.005522
3187500 255000.000000 0.029842 -0.070357 0.089431 0.012049 0.091661 0.005622
3250000 260000.000000 0.030381 -0.072376 0.087741 0.012328 0.089989 0.005694
3312500 265000.000000 0.026812 -0.073731 0.091593 0.012507 0.093074 0.005736
3375000 270000.000000 0.022967 -0.074843 0.079594 0.012660 0.081355 0.005773
3437500 275000.000000 0.020370 -0.075974 0.074573 0.012796 0.076346 0.005803
3500000 280000.000000 0.017961 -0.076874 0.072785 0.012964 0.074476 0.005879
3562500 285000.000000 0.013326 -0.077506 0.069338 0.013117 0.070995 0.005964
3625000 290000.000000 0.013381 -0.078187 0.063870 0.013203 0.066171 0.005977
3687500 295000.000000 0.017614 -0.079198 0.063712 0.013456 0.066538 0.006117
3750000 300000.000000 0.021694 -0.080039 0.065915 0.013619 0.068838 0.006188
3812500 305000.000000 0.024694 -0.081317 0.061949 0.013853 0.065342 0.006287
3875000 310000.000000 0.035751 -0.082969 0.064899 0.014163 0.069091 0.006431
3937500 315000.000000 0.042427 -0.085043 0.062816 0.014493 0.067560 0.006575
4000000 320000.000000 0.046186 -0.086945 0.067397 0.014704 0.072342 0.006609
4062500 325000.000000 0.056277 -0.089042 0.075703 0.014956 0.081217 0.006646
4125000 330000.000000 0.059073 -0.091340 0.067711 0.015231 0.073696 0.006701
4187500 335000.000000 0.058547 -0.093475 0.069162 0.015405 0.074707 0.006687
4250000 340000.000000 0.053383 -0.095328 0.083692 0.015618 0.087946 0.006729
4312500 345000.000000 0.050980 -0.097026 0.073686 0.015798 0.078088 0.006752
4375000 350000.000000 0.049888 -0.098456 0.062832 0.015967 0.067821 0.006802
4437500 355000.000000 0.044737 -0.099589 0.055992 0.016106 0.061202 0.006850
4500000 360000.000000 0.047508 -0.100387 0.061312 0.016312 0.066510 0.006972
4562500 365000.000000 0.052580 -0.101453 0.063032 0.016488 0.068522 0.007044
4625000 370000.000000 0.053071 -0.102709 0.066962 0.016682 0.072435 0.007110
4687500 375000.000000 0.056886 -0.103833 0.067740 0.016828 0.073482 0.007137
4750000 380000.000000 0.059169 -0.105064 0.071929 0.016976 0.077673 0.007154
4812500 385000.000000 0.062185 -0.106272 0.090146 0.017159 0.095357 0.007190
4875000 390000.000000 0.061255 -0.107324 0.085092 0.017331 0.090385 0.007225
4937500 395000.000000 0.060877 -0.108443 0.088541 0.017534 0.093458 0.007303
5000000 400000.000000 0.057812 -0.109507 0.087241 0.017682 0.091792 0.007335
