Timestep Time cumulativeSelectionP cumulativeTransmissionP cumulativeSelectionAltruism cumulativeTransmissionAltruism cumulativeSelectionProduct cumulativeTransmissionProduct
0 0.000000 0.000000 -0.000000 0.000000 0.000000 0.000000 0.000000
62500 5000.000000 -0.001380 -0.008021 0.032878 0.002908 0.032745 0.002710
125000 10000.000000 -0.002017 -0.012657 0.043731 0.003592 0.043451 0.003206
187500 15000.000000 0.000999 -0.016190 0.073614 0.003905 0.073120 0.003282
250000 20000.000000 0.000844 -0.019151 0.091462 0.004234 0.090634 0.003341
312500 25000.000000 0.001890 -0.022259 0.089506 0.004578 0.088750 0.003378
375000 30000.000000 0.001414 -0.025266 0.085210 0.004935 0.084525 0.003444
437500 35000.000000 -0.000500 -0.027477 0.085929 0.005201 0.084999 0.003496
500000 40000.000000 -0.006553 -0.029480 0.098637 0.005493 0.096342 0.003572
562500 45000.000000 -0.012943 -0.031033 0.111616 0.005710 0.107860 0.003597
625000 50000.000000 -0.033639 -0.032355 0.146341 0.005937 0.135409 0.003647
687500 55000.000000 -0.061089 -0.033382 0.186865 0.006131 0.166702 0.003678
750000 60000.000000 -0.079544 -0.034008 0.211871 0.006311 0.185805 0.003714
812500 65000.000000 -0.087421 -0.034473 0.217404 0.006432 0.189460 0.003706
875000 70000.000000 -0.096017 -0.034759 0.223119 0.006508 0.192790 0.003680
937500 75000.000000 -0.101996 -0.035029 0.225190 0.006621 0.193092 0.003677
1000000 80000.000000 -0.108554 -0.035204 0.235909 0.006703 0.200929 0.003656
1062500 85000.000000 -0.115598 -0.035242 0.237373 0.006792 0.200642 0.003655
1125000 90000.000000 -0.125113 -0.035366 0.236095 0.006888 0.197425 0.003647
1187500 95000.000000 -0.129862 -0.035366 0.231781 0.006990 0.192821 0.003662
1250000 100000.000000 -0.134263 -0.035386 0.227729 0.007084 0.188443 0.003672
1312500 105000.000000 -0.136409 -0.035430 0.225046 0.007173 0.185617 0.003670
1375000 110000.000000 -0.138842 -0.035449 0.219966 0.007250 0.181023 0.003661
1437500 115000.000000 -0.140716 -0.035505 0.213834 0.007410 0.175673 0.003714
1500000 120000.000000 -0.143664 -0.035527 0.209427 0.007451 0.171570 0.003677
1562500 125000.000000 -0.149046 -0.035623 0.209645 0.007566 0.170372 0.003690
1625000 130000.000000 -0.150891 -0.035750 0.203096 0.007742 0.164709 0.003745
1687500 135000.000000 -0.155245 -0.035896 0.199794 0.007939 0.161332 0.003816
1750000 140000.000000 -0.165017 -0.035974 0.209829 0.008029 0.167128 0.003811
1812500 145000.000000 -0.168880 -0.036036 0.206715 0.008071 0.163557 0.003760
1875000 150000.000000 -0.173838 -0.036080 0.204829 0.008173 0.160869 0.003765
1937500 155000.000000 -0.171848 -0.036194 0.197173 0.008323 0.155329 0.003799
2000000 160000.000000 -0.173271 -0.036275 0.195242 0.008381 0.153474 0.003770
2062500 165000.000000 -0.180636 -0.036328 0.209234 0.008479 0.162730 0.003765
2125000 170000.000000 -0.191629 -0.036375 0.227300 0.008570 0.174021 0.003749
2187500 175000.000000 -0.204121 -0.036489 0.244732 0.008771 0.183339 0.003802
2250000 180000.000000 -0.214178 -0.036557 0.255275 0.008908 0.188468 0.003816
2312500 185000.000000 -0.223926 -0.036662 0.281072 0.009100 0.205710 0.003847
2375000 190000.000000 -0.233347 -0.036665 0.294527 0.009258 0.213371 0.003864
2437500 195000.000000 -0.242075 -0.036698 0.296653 0.009415 0.212411 0.003869
2500000 200000.000000 -0.251679 -0.036737 0.292512 0.009588 0.206915 0.003873
2562500 205000.000000 -0.255894 -0.036739 0.286126 0.009807 0.201388 0.003918
2625000 210000.000000 -0.259030 -0.036757 0.279797 0.010030 0.195813 0.003958
2687500 215000.000000 -0.264145 -0.036765 0.292773 0.010265 0.203168 0.004017
2750000 220000.000000 -0.270025 -0.036764 0.292155 0.010443 0.200630 0.004020
2812500 225000.000000 -0.272048 -0.036784 0.284245 0.010630 0.194328 0.004021
2875000 230000.000000 -0.274968 -0.036800 0.286829 0.010827 0.195367 0.004029
2937500 235000.000000 -0.283533 -0.036822 0.293591 0.010992 0.197448 0.004018
3000000 240000.000000 -0.289637 -0.036812 0.303956 0.011239 0.202884 0.004058
3062500 245000.000000 -0.289279 -0.036851 0.316919 0.011527 0.211714 0.004114
3125000 250000.000000 -0.300747 -0.036859 0.319708 0.011750 0.209770 0.004124
3187500 255000.000000 -0.304073 -0.036857 0.315835 0.012008 0.206130 0.004161
3250000 260000.000000 -0.307475 -0.036892 0.309258 0.012259 0.200727 0.004161
3312500 265000.000000 -0.318461 -0.036846 0.317100 0.012497 0.202467 0.004183
3375000 270000.000000 -0.329611 -0.036869 0.325765 0.012802 0.203328 0.004212
3437500 275000.000000 -0.335782 -0.036866 0.324014 0.013103 0.200116 0.004249
3500000 280000.000000 -0.338293 -0.036877 0.322802 0.013402 0.198703 0.004263
3562500 285000.000000 -0.339721 -0.036862 0.323006 0.013624 0.198954 0.004254
3625000 290000.000000 -0.342002 -0.036853 0.316857 0.013907 0.193892 0.004267
3687500 295000.000000 -0.346404 -0.036849 0.313943 0.014198 0.189786 0.004290
3750000 300000.000000 -0.352368 -0.036828 0.313272 0.014425 0.186638 0.004266
3812500 305000.000000 -0.356462 -0.036801 0.316420 0.014661 0.186845 0.004265
3875000 310000.000000 -0.364152 -0.036785 0.315586 0.014936 0.183036 0.004265
3937500 315000.000000 -0.368221 -0.036815 0.310378 0.015275 0.178773 0.004278
4000000 320000.000000 -0.368279 -0.036842 0.305169 0.015567 0.176221 0.004268
4062500 325000.000000 -0.376679 -0.036865 0.300499 0.015812 0.170147 0.004224
4125000 330000.000000 -0.382990 -0.036840 0.308814 0.016080 0.171887 0.004203
4187500 335000.000000 -0.390147 -0.036804 0.315474 0.016381 0.172327 0.004183
4250000 340000.000000 -0.399415 -0.036813 0.330733 0.016708 0.176348 0.004178
4312500 345000.000000 -0.406446 -0.036847 0.330485 0.017164 0.173076 0.004182
4375000 350000.000000 -0.407408 -0.036867 0.320893 0.017654 0.169010 0.004213
4437500 355000.000000 -0.415605 -0.036853 0.324854 0.018054 0.167463 0.004192
4500000 360000.000000 -0.424691 -0.036858 0.334020 0.018633 0.168054 0.004231
4562500 365000.000000 -0.431453 -0.036850 0.342532 0.019126 0.167715 0.004236
4625000 370000.000000 -0.436862 -0.036844 0.344612 0.019717 0.165453 0.004265
4687500 375000.000000 -0.441599 -0.036821 0.348529 0.020277 0.164263 0.004242
4750000 380000.000000 -0.456197 -0.036802 0.376129 0.020940 0.169494 0.004235
4812500 385000.000000 -0.468193 -0.036812 0.390081 0.021810 0.170370 0.004242
4875000 390000.000000 -0.482198 -0.036821 0.416434 0.022979 0.172030 0.004292
4937500 395000.000000 -0.497580 -0.036809 0.438379 0.024200 0.174440 0.004300
5000000 400000.000000 -0.502662 -0.036793 0.442549 0.025429 0.174581 0.004300
