Timestep Time cumulativeSelectionP cumulativeTransmissionP cumulativeSelectionAltruism cumulativeTransmissionAltruism cumulativeSelectionProduct cumulativeTransmissionProduct
0 0.000000 0.000000 -0.000001 0.000000 0.000000 0.000000 0.000000
62500 5000.000000 0.003672 -0.024826 0.022030 0.004074 0.021907 0.003658
125000 10000.000000 0.009595 -0.038186 0.026464 0.005272 0.026410 0.004429
187500 15000.000000 0.016489 -0.049784 0.026267 0.006219 0.026441 0.004959
250000 20000.000000 0.014083 -0.057450 0.028204 0.007057 0.028198 0.005477
312500 25000.000000 0.018852 -0.065051 0.025699 0.007882 0.026049 0.005976
375000 30000.000000 0.038883 -0.074170 0.032911 0.008798 0.033920 0.006434
437500 35000.000000 0.047902 -0.085503 0.033440 0.009692 0.034751 0.006750
500000 40000.000000 0.053109 -0.095735 0.034669 0.010449 0.036114 0.007018
562500 45000.000000 0.049646 -0.103206 0.039673 0.011029 0.040654 0.007187
625000 50000.000000 0.039146 -0.109436 0.033473 0.011554 0.034355 0.007357
687500 55000.000000 0.037096 -0.113625 0.036245 0.012096 0.036754 0.007646
750000 60000.000000 0.017912 -0.116128 0.039856 0.012589 0.038766 0.007939
812500 65000.000000 0.001929 -0.118006 0.040652 0.012935 0.038719 0.008113
875000 70000.000000 -0.006203 -0.119001 0.052636 0.013184 0.049390 0.008198
937500 75000.000000 0.011682 -0.120326 0.044040 0.013477 0.043049 0.008302
1000000 80000.000000 0.038795 -0.122339 0.040825 0.013797 0.041686 0.008423
1062500 85000.000000 0.046064 -0.124351 0.033601 0.014187 0.035449 0.008623
1125000 90000.000000 0.048422 -0.126584 0.036303 0.014611 0.037859 0.008855
1187500 95000.000000 0.043093 -0.129851 0.031093 0.015095 0.032795 0.009122
1250000 100000.000000 0.030246 -0.132294 0.032496 0.015590 0.033453 0.009411
1312500 105000.000000 0.036454 -0.135080 0.033111 0.016088 0.034635 0.009693
1375000 110000.000000 0.045525 -0.138484 0.032262 0.016515 0.034006 0.009858
1437500 115000.000000 0.044314 -0.141999 0.033474 0.017057 0.035452 0.010112
1500000 120000.000000 0.049931 -0.145714 0.029812 0.017515 0.032397 0.010290
1562500 125000.000000 0.065608 -0.149890 0.026619 0.018024 0.030533 0.010523
1625000 130000.000000 0.107328 -0.156451 0.029978 0.018643 0.035628 0.010733
1687500 135000.000000 0.130186 -0.164980 0.026321 0.019304 0.033221 0.010915
1750000 140000.000000 0.133558 -0.175136 0.022901 0.020032 0.029928 0.011151
1812500 145000.000000 0.134172 -0.183251 0.019571 0.020734 0.026594 0.011496
1875000 150000.000000 0.120658 -0.189303 0.020893 0.021402 0.027296 0.011876
1937500 155000.000000 0.115257 -0.191506 0.029089 0.021860 0.034994 0.012169
2000000 160000.000000 0.117055 -0.194632 0.024002 0.022420 0.030148 0.012476
2062500 165000.000000 0.112032 -0.198178 0.028136 0.022802 0.033929 0.012617
2125000 170000.000000 0.121011 -0.200338 0.034623 0.023173 0.040165 0.012810
2187500 175000.000000 0.117783 -0.203066 0.029815 0.023521 0.035909 0.012947
2250000 180000.000000 0.132419 -0.206222 0.033449 0.024070 0.040170 0.013236
2312500 185000.000000 0.141673 -0.210676 0.026044 0.024533 0.033633 0.013385
2375000 190000.000000 0.148054 -0.215410 0.029440 0.025056 0.037079 0.013611
2437500 195000.000000 0.158434 -0.219816 0.028544 0.025539 0.037113 0.013787
2500000 200000.000000 0.176193 -0.224837 0.044990 0.026084 0.053918 0.013947
2562500 205000.000000 0.181739 -0.230440 0.048348 0.026644 0.057494 0.014004
2625000 210000.000000 0.185898 -0.238711 0.052521 0.027450 0.061629 0.014089
2687500 215000.000000 0.187342 -0.244629 0.034700 0.028008 0.044878 0.014157
2750000 220000.000000 0.187848 -0.250904 0.026625 0.028609 0.037307 0.014317
2812500 225000.000000 0.183263 -0.255845 0.035815 0.029095 0.045584 0.014479
2875000 230000.000000 0.187824 -0.260466 0.038325 0.029553 0.048044 0.014588
2937500 235000.000000 0.181094 -0.264289 0.029268 0.029993 0.039205 0.014730
3000000 240000.000000 0.169246 -0.267284 0.028708 0.030387 0.038248 0.014906
3062500 245000.000000 0.169817 -0.268338 0.025662 0.030700 0.035577 0.015065
3125000 250000.000000 0.177459 -0.270119 0.033938 0.031122 0.043843 0.015280
3187500 255000.000000 0.185461 -0.271863 0.030975 0.031401 0.041504 0.015341
3250000 260000.000000 0.178757 -0.274765 0.026270 0.031890 0.036659 0.015546
3312500 265000.000000 0.173196 -0.277370 0.034698 0.032267 0.044106 0.015679
3375000 270000.000000 0.174896 -0.279011 0.036962 0.032573 0.046546 0.015781
3437500 275000.000000 0.189262 -0.280656 0.048685 0.032855 0.058107 0.015844
3500000 280000.000000 0.198277 -0.282548 0.044211 0.033149 0.055143 0.015892
3562500 285000.000000 0.207576 -0.285877 0.044616 0.033573 0.056079 0.015982
3625000 290000.000000 0.214539 -0.289838 0.044328 0.034023 0.056258 0.016024
3687500 295000.000000 0.224227 -0.293624 0.037141 0.034464 0.050634 0.016064
3750000 300000.000000 0.226929 -0.298112 0.028940 0.035018 0.043308 0.016215
3812500 305000.000000 0.235569 -0.303410 0.023152 0.035603 0.038577 0.016371
3875000 310000.000000 0.259251 -0.309832 0.033571 0.036222 0.050053 0.016481
3937500 315000.000000 0.270841 -0.317572 0.029795 0.036947 0.047096 0.016522
4000000 320000.000000 0.275616 -0.326020 0.024417 0.037735 0.042243 0.016693
4062500 325000.000000 0.278750 -0.333887 0.027947 0.038405 0.045770 0.016767
4125000 330000.000000 0.280857 -0.340413 0.028486 0.038947 0.046510 0.016831
4187500 335000.000000 0.282581 -0.345101 0.026065 0.039399 0.044413 0.016896
4250000 340000.000000 0.288718 -0.349987 0.018389 0.039931 0.037688 0.017048
4312500 345000.000000 0.297468 -0.356556 0.027870 0.040554 0.047277 0.017129
4375000 350000.000000 0.298356 -0.362531 0.016320 0.041113 0.036377 0.017238
4437500 355000.000000 0.305284 -0.368594 0.010624 0.041738 0.031448 0.017432
4500000 360000.000000 0.298550 -0.373514 0.016087 0.042249 0.036286 0.017609
4562500 365000.000000 0.296873 -0.377862 0.017439 0.042759 0.037383 0.017769
4625000 370000.000000 0.304494 -0.382062 0.014731 0.043212 0.035416 0.017906
4687500 375000.000000 0.307567 -0.385742 0.011065 0.043687 0.032161 0.018109
4750000 380000.000000 0.295794 -0.388391 0.019624 0.043974 0.038899 0.018198
4812500 385000.000000 0.270072 -0.389785 0.016667 0.044227 0.034818 0.018293
4875000 390000.000000 0.266416 -0.390582 0.024249 0.044467 0.041455 0.018374
4937500 395000.000000 0.262469 -0.391690 0.018863 0.044758 0.036570 0.018481
5000000 400000.000000 0.263750 -0.393303 0.019797 0.045119 0.037241 0.018629
