Timestep Time cumulativeSelectionP cumulativeTransmissionP cumulativeSelectionAltruism cumulativeTransmissionAltruism cumulativeSelectionProduct cumulativeTransmissionProduct
0 0.000000 0.000000 -0.000000 0.000000 0.000000 0.000000 0.000000
62500 5000.000000 -0.002456 -0.007173 0.039694 0.002755 0.039441 0.002588
125000 10000.000000 -0.001877 -0.011818 0.062095 0.003188 0.061643 0.002771
187500 15000.000000 -0.002307 -0.015768 0.076399 0.003560 0.075694 0.002827
250000 20000.000000 -0.002275 -0.019185 0.072736 0.003894 0.072209 0.002866
312500 25000.000000 -0.001056 -0.021897 0.073138 0.004176 0.072713 0.002904
375000 30000.000000 0.000257 -0.024648 0.078742 0.004501 0.078289 0.002974
437500 35000.000000 0.003968 -0.027449 0.083504 0.004823 0.083371 0.003032
500000 40000.000000 0.005483 -0.030240 0.101529 0.005122 0.101115 0.003027
562500 45000.000000 0.008061 -0.032504 0.122933 0.005434 0.122245 0.003036
625000 50000.000000 0.010209 -0.034904 0.128612 0.005820 0.128022 0.003067
687500 55000.000000 0.007414 -0.037412 0.136086 0.006159 0.134595 0.003046
750000 60000.000000 0.005975 -0.039466 0.138259 0.006477 0.136289 0.003054
812500 65000.000000 0.005173 -0.041226 0.138150 0.006769 0.136069 0.003076
875000 70000.000000 0.002494 -0.043091 0.143353 0.007031 0.140758 0.003045
937500 75000.000000 0.002500 -0.044846 0.137114 0.007286 0.134758 0.003021
1000000 80000.000000 -0.000314 -0.046491 0.134497 0.007617 0.131956 0.003084
1062500 85000.000000 0.000551 -0.047739 0.133938 0.007876 0.131440 0.003138
1125000 90000.000000 -0.002907 -0.049047 0.135222 0.008107 0.132157 0.003164
1187500 95000.000000 -0.003218 -0.050358 0.127842 0.008392 0.125096 0.003248
1250000 100000.000000 -0.004223 -0.051604 0.134912 0.008607 0.131693 0.003259
1312500 105000.000000 -0.003047 -0.052917 0.127787 0.008806 0.125221 0.003245
1375000 110000.000000 -0.004454 -0.054086 0.122680 0.009037 0.120238 0.003289
1437500 115000.000000 -0.005358 -0.055308 0.123358 0.009257 0.120606 0.003323
1500000 120000.000000 -0.010188 -0.056690 0.124770 0.009454 0.121037 0.003310
1562500 125000.000000 -0.016199 -0.057851 0.124539 0.009646 0.119655 0.003328
1625000 130000.000000 -0.021266 -0.058851 0.124769 0.009796 0.119239 0.003324
1687500 135000.000000 -0.027111 -0.059762 0.128864 0.009965 0.122020 0.003348
1750000 140000.000000 -0.031205 -0.060637 0.128473 0.010096 0.121185 0.003331
1812500 145000.000000 -0.030535 -0.061390 0.132478 0.010324 0.124919 0.003402
1875000 150000.000000 -0.033205 -0.062190 0.133539 0.010484 0.124965 0.003416
1937500 155000.000000 -0.032653 -0.062706 0.142619 0.010618 0.132887 0.003440
2000000 160000.000000 -0.043301 -0.063237 0.155507 0.010770 0.141303 0.003457
2062500 165000.000000 -0.044089 -0.063961 0.147631 0.010962 0.133800 0.003490
2125000 170000.000000 -0.054179 -0.064713 0.156973 0.011133 0.139782 0.003511
2187500 175000.000000 -0.063835 -0.065357 0.161294 0.011358 0.140886 0.003579
2250000 180000.000000 -0.073302 -0.066008 0.168338 0.011522 0.144030 0.003578
2312500 185000.000000 -0.105146 -0.066599 0.210082 0.011724 0.169124 0.003621
2375000 190000.000000 -0.130672 -0.067127 0.238188 0.011929 0.183826 0.003638
2437500 195000.000000 -0.146596 -0.067529 0.251548 0.012118 0.189510 0.003631
2500000 200000.000000 -0.155907 -0.068023 0.256535 0.012370 0.191130 0.003647
2562500 205000.000000 -0.179344 -0.068342 0.283768 0.012578 0.204960 0.003658
2625000 210000.000000 -0.189691 -0.068597 0.280681 0.012743 0.200393 0.003633
2687500 215000.000000 -0.219787 -0.068780 0.319731 0.012989 0.221660 0.003663
2750000 220000.000000 -0.233773 -0.068862 0.329803 0.013167 0.224985 0.003642
2812500 225000.000000 -0.241868 -0.069012 0.335198 0.013354 0.225989 0.003624
2875000 230000.000000 -0.249869 -0.069089 0.334118 0.013546 0.223835 0.003604
2937500 235000.000000 -0.254414 -0.069220 0.329257 0.013828 0.219403 0.003626
3000000 240000.000000 -0.258036 -0.069391 0.324227 0.014096 0.214843 0.003623
3062500 245000.000000 -0.265198 -0.069491 0.324103 0.014425 0.213226 0.003687
3125000 250000.000000 -0.271533 -0.069577 0.319644 0.014689 0.207534 0.003702
3187500 255000.000000 -0.287118 -0.069591 0.332032 0.014954 0.211333 0.003724
3250000 260000.000000 -0.289545 -0.069640 0.328370 0.015209 0.208073 0.003716
3312500 265000.000000 -0.293384 -0.069704 0.320239 0.015597 0.202215 0.003786
3375000 270000.000000 -0.297032 -0.069722 0.315556 0.015865 0.198254 0.003789
3437500 275000.000000 -0.300847 -0.069712 0.313812 0.016117 0.195537 0.003807
3500000 280000.000000 -0.312144 -0.069720 0.316647 0.016377 0.193458 0.003821
3562500 285000.000000 -0.320501 -0.069756 0.322668 0.016651 0.194667 0.003822
3625000 290000.000000 -0.323978 -0.069717 0.315805 0.017006 0.189734 0.003876
3687500 295000.000000 -0.331456 -0.069704 0.316367 0.017327 0.188347 0.003911
3750000 300000.000000 -0.342454 -0.069678 0.340146 0.017652 0.198821 0.003947
3812500 305000.000000 -0.359343 -0.069678 0.366732 0.018043 0.208785 0.003982
3875000 310000.000000 -0.370437 -0.069699 0.382892 0.018413 0.213639 0.003993
3937500 315000.000000 -0.373580 -0.069686 0.387486 0.018783 0.214139 0.004003
4000000 320000.000000 -0.383842 -0.069665 0.403376 0.019223 0.217160 0.004038
4062500 325000.000000 -0.387366 -0.069659 0.395273 0.019692 0.211583 0.004097
4125000 330000.000000 -0.389579 -0.069650 0.389481 0.020186 0.207225 0.004159
4187500 335000.000000 -0.393708 -0.069661 0.386314 0.020752 0.204407 0.004234
4250000 340000.000000 -0.397319 -0.069665 0.376409 0.021196 0.197116 0.004249
4312500 345000.000000 -0.410498 -0.069682 0.382393 0.021820 0.196701 0.004333
4375000 350000.000000 -0.415966 -0.069677 0.384281 0.022339 0.195973 0.004375
4437500 355000.000000 -0.419141 -0.069614 0.375138 0.022818 0.191714 0.004415
4500000 360000.000000 -0.421514 -0.069602 0.381929 0.023211 0.193306 0.004365
4562500 365000.000000 -0.427248 -0.069594 0.382816 0.023654 0.190560 0.004353
4625000 370000.000000 -0.435240 -0.069604 0.387151 0.024203 0.188641 0.004370
4687500 375000.000000 -0.441411 -0.069620 0.396087 0.024738 0.188104 0.004357
4750000 380000.000000 -0.453406 -0.069609 0.423025 0.025321 0.195924 0.004363
4812500 385000.000000 -0.462246 -0.069626 0.440007 0.026009 0.200255 0.004373
4875000 390000.000000 -0.476520 -0.069658 0.471739 0.026862 0.206841 0.004394
4937500 395000.000000 -0.480652 -0.069675 0.467863 0.027620 0.201948 0.004369
5000000 400000.000000 -0.493818 -0.069668 0.501185 0.028382 0.207451 0.004318
