Simulation from altruism.c performed at Mon Oct 17 14:35:40 2022

Output files are created with the same id as this file.
Predefined parameters:
Tmax = 5000001
DeltaTime = 0.080000
DeltaSpace = 0.100000
Initial population size = 335544
Number of positions = 1048576
Initial altruism level = 0.000000
Initial p = 1.000000
Death rate = 1.000000
Birth rate = 5.000000
Mutation probability production = 0.001000
Mean mutation size production = 0.005000
Mutation probability p = 0.005000
Mean mutation size p = 0.005000
Scale of altruism = 1
Scale of competition = 4
Scale of movement = 0.080000
B0 = 1.000000
BMAX = 5.000000
alpha = 0.500000
(1 - alpha)*kappa = 0.050000
kappa = 0.100000
K = 40
Number of fields (kernel) = 7
Timestep Time Population_size As Bs Mean_altruism_all Mean_altruism_A Mean_altruism_B Mean_p_all Mean_p_A Mean_p_B Mean_cost_all Mean_cost_A Mean_cost_B Mean_benefit_all Mean_benefit_A Mean_benefit_B Mean_production_all Mean_production_A Mean_production_B Covariance_p_altruism Mean_expressed_altruism
0 0.000000 335544 335544 0 0.000000 0.000000 -nan 1.000000 1.000000 -nan 0.000000 0.000000 -nan 0.000000 0.000000 -nan 0.000000 0.000000 -nan 0.000000 0.000000
62500 5000.000000 385618 374088 11530 0.028762 0.028622 0.033290 0.969811 0.970625 0.943384 0.024192 0.024938 0.000000 1.957860 1.953941 2.085010 0.027761 0.027654 0.031228 -0.000133 0.027766
125000 10000.000000 387336 361876 25460 0.034342 0.034128 0.037376 0.933927 0.935911 0.905726 0.027247 0.029164 0.000000 2.108121 2.103866 2.168595 0.031888 0.031754 0.033790 -0.000185 0.031885
187500 15000.000000 391580 357515 34065 0.049110 0.048587 0.054601 0.913944 0.917672 0.874821 0.036418 0.039888 0.000000 2.452311 2.447187 2.506094 0.044436 0.044171 0.047217 -0.000448 0.044360
250000 20000.000000 391581 353648 37933 0.051225 0.050548 0.057539 0.904003 0.909307 0.854555 0.037141 0.041125 0.000000 2.457620 2.449882 2.529759 0.045670 0.045343 0.048725 -0.000637 0.045651
312500 25000.000000 393501 351905 41596 0.058194 0.057647 0.062821 0.893930 0.900213 0.840777 0.041322 0.046206 0.000000 2.593269 2.591039 2.612136 0.051535 0.051415 0.052548 -0.000487 0.051553
375000 30000.000000 394218 349302 44916 0.065061 0.064790 0.067168 0.886227 0.892848 0.834739 0.045346 0.051176 0.000000 2.697795 2.702371 2.662212 0.057420 0.057595 0.056061 -0.000239 0.057408
437500 35000.000000 394708 351607 43101 0.071875 0.071540 0.074607 0.889988 0.895423 0.845657 0.049617 0.055699 0.000000 2.800165 2.798971 2.809900 0.063687 0.063747 0.063195 -0.000281 0.063728
500000 40000.000000 394554 349892 44662 0.073078 0.073239 0.071813 0.886360 0.892970 0.834571 0.050276 0.056693 0.000000 2.795127 2.802306 2.738890 0.064877 0.065465 0.060271 0.000104 0.064949
562500 45000.000000 394934 355112 39822 0.072474 0.072486 0.072366 0.898259 0.903277 0.853512 0.050547 0.056215 0.000000 2.803166 2.807533 2.764228 0.065101 0.065449 0.061999 0.000001 0.065177
625000 50000.000000 395157 355209 39948 0.072912 0.072903 0.072997 0.898835 0.903509 0.857275 0.050723 0.056428 0.000000 2.804214 2.809751 2.754981 0.065553 0.065858 0.062840 0.000017 0.065533
687500 55000.000000 396695 358959 37736 0.089040 0.089068 0.088769 0.904924 0.909368 0.862645 0.060729 0.067113 0.000000 3.020019 3.025508 2.967802 0.080570 0.080956 0.076899 -0.000004 0.080595
750000 60000.000000 397082 359545 37537 0.099820 0.099844 0.099583 0.905504 0.909181 0.870286 0.066883 0.073866 0.000000 3.118538 3.122349 3.082033 0.090422 0.090753 0.087252 0.000035 0.090406
812500 65000.000000 396804 360099 36705 0.094839 0.094832 0.094909 0.906967 0.910668 0.870661 0.064210 0.070755 0.000000 3.097462 3.102806 3.045027 0.085995 0.086309 0.082918 -0.000021 0.086060
875000 70000.000000 395991 356575 39416 0.087600 0.087663 0.087034 0.900374 0.904558 0.862524 0.059305 0.065861 0.000000 2.972770 2.976593 2.938183 0.078898 0.079310 0.075167 0.000025 0.078937
937500 75000.000000 396641 354988 41653 0.101912 0.101906 0.101964 0.894843 0.899825 0.852385 0.067060 0.074928 0.000000 3.093456 3.099768 3.039658 0.091138 0.091606 0.087151 -0.000057 0.091204
1000000 80000.000000 397312 357097 40215 0.103913 0.103757 0.105294 0.898868 0.903698 0.855971 0.068518 0.076234 0.000000 3.136555 3.139316 3.112030 0.093272 0.093611 0.090268 -0.000131 0.093255
1062500 85000.000000 396972 353980 42992 0.105685 0.105076 0.110698 0.892409 0.898310 0.843830 0.068951 0.077325 0.000000 3.166690 3.168555 3.151334 0.093756 0.093843 0.093039 -0.000559 0.093696
1125000 90000.000000 396936 350325 46611 0.094880 0.094034 0.101238 0.882466 0.888339 0.838326 0.061953 0.070196 0.000000 3.035850 3.033407 3.054210 0.082977 0.082822 0.084142 -0.000751 0.082991
1187500 95000.000000 396627 349469 47158 0.091218 0.090411 0.097195 0.880976 0.888132 0.827947 0.059770 0.067836 0.000000 2.987553 2.983380 3.018473 0.079639 0.079597 0.079952 -0.000722 0.079662
1250000 100000.000000 397368 350227 47141 0.099239 0.099079 0.100430 0.881687 0.889346 0.824786 0.064699 0.073408 0.000000 3.080194 3.088222 3.020555 0.087371 0.087937 0.083163 -0.000127 0.087325
1312500 105000.000000 396149 348328 47821 0.092167 0.092353 0.090814 0.880472 0.887576 0.828732 0.060889 0.069248 0.000000 3.047149 3.056517 2.978908 0.081319 0.082113 0.075529 0.000168 0.081205
1375000 110000.000000 395879 349651 46228 0.086296 0.086259 0.086577 0.883605 0.889814 0.836647 0.057622 0.065240 0.000000 2.960275 2.968572 2.897520 0.076215 0.076688 0.072633 -0.000037 0.076186
1437500 115000.000000 394970 346554 48416 0.081060 0.080201 0.087203 0.877184 0.883894 0.829156 0.053464 0.060933 0.000000 2.824875 2.823132 2.837351 0.070375 0.070140 0.072058 -0.000729 0.070370
1500000 120000.000000 397165 341095 56070 0.103217 0.101643 0.112791 0.859181 0.866375 0.815414 0.064168 0.074716 0.000000 3.084679 3.077318 3.129464 0.087337 0.086674 0.091370 -0.001345 0.087293
1562500 125000.000000 397239 337943 59296 0.107520 0.105535 0.118836 0.850955 0.858166 0.809857 0.065730 0.077263 0.000000 3.131743 3.122441 3.184760 0.089811 0.088850 0.095288 -0.001684 0.089781
1625000 130000.000000 397302 333422 63880 0.107487 0.105840 0.116084 0.838562 0.845450 0.802606 0.064949 0.077393 0.000000 3.118665 3.110124 3.163243 0.088699 0.088000 0.092349 -0.001435 0.088823
1687500 135000.000000 396218 330695 65523 0.100892 0.099741 0.106698 0.835084 0.842755 0.796373 0.061275 0.073416 0.000000 3.020490 3.015600 3.045167 0.083249 0.083061 0.084199 -0.001004 0.083247
1750000 140000.000000 396044 326076 69968 0.103760 0.102744 0.108492 0.821751 0.829082 0.787582 0.061950 0.075243 0.000000 3.009708 3.005194 3.030744 0.084370 0.084277 0.084807 -0.000894 0.084593
1812500 145000.000000 397225 324306 72919 0.107210 0.105967 0.112739 0.815694 0.824232 0.777725 0.063236 0.077454 0.000000 3.101719 3.102035 3.100318 0.086485 0.086345 0.087107 -0.000966 0.086515
1875000 150000.000000 396393 321344 75049 0.099438 0.098441 0.103708 0.810197 0.819139 0.771909 0.059088 0.072888 0.000000 3.020146 3.022048 3.011999 0.079718 0.079757 0.079551 -0.000846 0.079804
1937500 155000.000000 396551 318093 78458 0.105745 0.104413 0.111147 0.803261 0.812704 0.764974 0.061355 0.076488 0.000000 3.053870 3.054771 3.050213 0.083876 0.083769 0.084308 -0.001065 0.083755
2000000 160000.000000 396411 319807 76604 0.100815 0.099642 0.105711 0.806396 0.815306 0.769202 0.059417 0.073650 0.000000 3.007277 3.007744 3.005327 0.080363 0.080310 0.080587 -0.000934 0.080387
2062500 165000.000000 397385 314334 83051 0.114823 0.112597 0.123247 0.790407 0.801450 0.748613 0.064432 0.081456 0.000000 3.103921 3.100403 3.117234 0.089011 0.088556 0.090733 -0.001745 0.089065
2125000 170000.000000 397577 309512 88065 0.120368 0.118058 0.128485 0.778360 0.790107 0.737075 0.066090 0.084895 0.000000 3.149635 3.143718 3.170428 0.091857 0.091498 0.093121 -0.001832 0.091908
2187500 175000.000000 397037 303353 93684 0.115174 0.112528 0.123739 0.763657 0.776596 0.721761 0.062341 0.081594 0.000000 3.076488 3.071518 3.092582 0.085928 0.085393 0.087662 -0.002025 0.085976
2250000 180000.000000 397137 298767 98370 0.112826 0.110594 0.119606 0.751298 0.763034 0.715652 0.060452 0.080355 0.000000 3.058219 3.055340 3.066962 0.083104 0.082713 0.084290 -0.001662 0.083200
2312500 185000.000000 397985 296223 101762 0.134584 0.131631 0.143180 0.743420 0.754368 0.711551 0.069000 0.092704 0.000000 3.169616 3.160688 3.195603 0.097832 0.096993 0.100275 -0.002220 0.097974
2375000 190000.000000 398019 292877 105142 0.158614 0.156602 0.164221 0.736193 0.744854 0.712068 0.078872 0.107187 0.000000 3.294097 3.292791 3.297733 0.115358 0.114916 0.116589 -0.001413 0.115233
2437500 195000.000000 398057 290113 107944 0.160528 0.158356 0.166365 0.728250 0.737076 0.704531 0.078789 0.108105 0.000000 3.279375 3.278152 3.282663 0.115253 0.114761 0.116577 -0.001651 0.115414
2500000 200000.000000 398584 281554 117030 0.179017 0.176668 0.184669 0.705744 0.713619 0.686799 0.084044 0.118978 0.000000 3.383932 3.384442 3.382705 0.124649 0.124224 0.125670 -0.001692 0.124795
2562500 205000.000000 398524 279016 119508 0.174815 0.171883 0.181658 0.700287 0.709319 0.679201 0.081362 0.116211 0.000000 3.352447 3.349341 3.359698 0.120355 0.119780 0.121699 -0.002065 0.120339
2625000 210000.000000 398574 279443 119131 0.172414 0.168373 0.181894 0.699920 0.710676 0.674689 0.079970 0.114062 0.000000 3.332899 3.323259 3.355510 0.117808 0.116643 0.120540 -0.002869 0.118048
2687500 215000.000000 398648 273363 125285 0.169836 0.165890 0.178448 0.684825 0.697265 0.657682 0.077435 0.112924 0.000000 3.335669 3.334090 3.339116 0.113642 0.112925 0.115206 -0.002666 0.113755
2750000 220000.000000 397717 271513 126204 0.151801 0.147837 0.160327 0.682953 0.697172 0.652362 0.069788 0.102226 0.000000 3.210843 3.204552 3.224376 0.100982 0.100200 0.102664 -0.002691 0.100925
2812500 225000.000000 397742 266523 131219 0.155852 0.151434 0.164828 0.669972 0.684984 0.639479 0.069901 0.104316 0.000000 3.198087 3.194452 3.205469 0.101431 0.100654 0.103007 -0.002986 0.101474
2875000 230000.000000 397049 259474 137575 0.158273 0.153595 0.167095 0.653267 0.668964 0.623663 0.069017 0.105610 0.000000 3.202277 3.197678 3.210952 0.100301 0.099751 0.101340 -0.003093 0.100375
2937500 235000.000000 398840 264946 133894 0.163576 0.162922 0.164869 0.664846 0.678920 0.636995 0.073934 0.111297 0.000000 3.277628 3.291537 3.250106 0.108343 0.110219 0.104631 -0.000410 0.108228
3000000 240000.000000 398293 266625 131668 0.174965 0.176518 0.171822 0.668879 0.682825 0.640639 0.079570 0.118864 0.000000 3.319022 3.343500 3.269456 0.118063 0.121362 0.111382 0.001032 0.118164
3062500 245000.000000 398841 271016 127825 0.184298 0.184744 0.183355 0.679127 0.692766 0.650210 0.083786 0.123304 0.000000 3.339487 3.362057 3.291634 0.125480 0.127931 0.120285 0.000318 0.125535
3125000 250000.000000 398273 276468 121805 0.192851 0.191162 0.196684 0.693709 0.705903 0.666032 0.088189 0.127043 0.000000 3.411476 3.423846 3.383399 0.132656 0.133593 0.130529 -0.001126 0.132699
3187500 255000.000000 399142 276443 122699 0.198902 0.195316 0.206982 0.691934 0.703679 0.665472 0.089688 0.129496 0.000000 3.459010 3.458120 3.461016 0.135185 0.135012 0.135575 -0.002442 0.135274
3250000 260000.000000 398735 275605 123130 0.182045 0.177874 0.191381 0.692391 0.706640 0.660497 0.082665 0.119597 0.000000 3.376821 3.377421 3.375478 0.123194 0.122968 0.123700 -0.002852 0.122946
3312500 265000.000000 398486 276027 122459 0.166403 0.162106 0.176089 0.691815 0.707480 0.656506 0.076485 0.110417 0.000000 3.307006 3.302001 3.318288 0.112067 0.111756 0.112767 -0.003054 0.112289
3375000 270000.000000 398359 275775 122584 0.160375 0.156729 0.168576 0.691652 0.707822 0.655277 0.074403 0.107475 0.000000 3.287021 3.289534 3.281368 0.108348 0.108602 0.107777 -0.002575 0.108500
3437500 275000.000000 398161 271046 127115 0.165279 0.158308 0.180143 0.681882 0.703686 0.635390 0.073663 0.108210 0.000000 3.271884 3.271536 3.272627 0.107868 0.107744 0.108132 -0.004833 0.107767
3500000 280000.000000 398240 265384 132856 0.178123 0.167810 0.198725 0.666978 0.695529 0.609947 0.075770 0.113702 0.000000 3.289522 3.289912 3.288745 0.111945 0.111645 0.112546 -0.006859 0.111827
3562500 285000.000000 398426 259232 139194 0.178250 0.165993 0.201076 0.651452 0.686186 0.586766 0.073353 0.112740 0.000000 3.302387 3.294225 3.317589 0.108294 0.107995 0.108849 -0.007828 0.108002
3625000 290000.000000 397974 253137 144837 0.169908 0.157243 0.192042 0.636040 0.673282 0.570951 0.068430 0.107584 0.000000 3.219352 3.211673 3.232772 0.099952 0.099745 0.100313 -0.008116 0.100016
3687500 295000.000000 397037 246399 150638 0.156922 0.146339 0.174234 0.621535 0.659072 0.560135 0.062772 0.101148 0.000000 3.105756 3.107521 3.102868 0.090883 0.091504 0.089867 -0.006649 0.090817
3750000 300000.000000 397810 246975 150835 0.160292 0.151885 0.174056 0.620739 0.656272 0.562559 0.064956 0.104626 0.000000 3.148001 3.158195 3.131310 0.094302 0.096016 0.091494 -0.005198 0.094296
3812500 305000.000000 397087 249195 147892 0.153792 0.145433 0.167878 0.628268 0.665282 0.565899 0.063341 0.100933 0.000000 3.126714 3.149667 3.088040 0.091423 0.093774 0.087461 -0.005200 0.091268
3875000 310000.000000 397272 256523 140749 0.142614 0.135693 0.155229 0.646550 0.685187 0.576132 0.061488 0.095225 0.000000 3.066221 3.100523 3.003702 0.087732 0.091001 0.081775 -0.004475 0.087618
3937500 315000.000000 396251 260338 135913 0.134526 0.128283 0.146485 0.656951 0.699742 0.574985 0.059740 0.090928 0.000000 3.026989 3.064608 2.954929 0.084318 0.087800 0.077647 -0.004059 0.084282
4000000 320000.000000 397578 279201 118377 0.140605 0.137268 0.148474 0.702926 0.743410 0.607441 0.067757 0.096485 0.000000 3.144540 3.185778 3.047276 0.096520 0.101120 0.085672 -0.002315 0.096397
4062500 325000.000000 397199 288025 109174 0.132367 0.129597 0.139674 0.723982 0.761804 0.624199 0.066690 0.091968 0.000000 3.137594 3.182428 3.019312 0.093770 0.097823 0.083075 -0.002062 0.093976
4125000 330000.000000 398324 309186 89138 0.132423 0.130943 0.137557 0.775608 0.797363 0.700150 0.072171 0.092978 0.000000 3.243846 3.261620 3.182195 0.101588 0.103539 0.094821 -0.001120 0.101640
4187500 335000.000000 397396 308962 88434 0.125297 0.123273 0.132371 0.776733 0.800989 0.691988 0.068553 0.088175 0.000000 3.159455 3.177945 3.094859 0.095758 0.097392 0.090052 -0.001564 0.095840
4250000 340000.000000 397227 311884 85343 0.119059 0.116920 0.126875 0.786241 0.809224 0.702251 0.066083 0.084166 0.000000 3.111184 3.122210 3.070888 0.091977 0.093251 0.087320 -0.001632 0.091800
4312500 345000.000000 397584 315624 81960 0.118950 0.117988 0.122655 0.793459 0.811568 0.723720 0.067456 0.084972 0.000000 3.145393 3.161557 3.083143 0.093622 0.095069 0.088048 -0.000760 0.093665
4375000 350000.000000 397046 320266 76780 0.107456 0.106891 0.109811 0.806850 0.825546 0.728866 0.062958 0.078051 0.000000 3.058203 3.077815 2.976396 0.086269 0.087830 0.079757 -0.000431 0.086220
4437500 355000.000000 397415 322879 74536 0.113868 0.112093 0.121558 0.812556 0.826864 0.750574 0.066121 0.081385 0.000000 3.147020 3.150561 3.131679 0.091084 0.091333 0.090007 -0.001440 0.091070
4500000 360000.000000 396313 321688 74625 0.105893 0.103892 0.114520 0.812154 0.827811 0.744660 0.061741 0.076063 0.000000 3.035519 3.033336 3.044929 0.084361 0.084477 0.083860 -0.001641 0.084330
4562500 365000.000000 396597 320294 76303 0.100877 0.099563 0.106394 0.808122 0.823799 0.742311 0.059449 0.073611 0.000000 3.014151 3.021764 2.982195 0.080498 0.081003 0.078381 -0.001023 0.080407
4625000 370000.000000 395903 318831 77072 0.092292 0.090948 0.097849 0.805055 0.823399 0.729169 0.054936 0.068216 0.000000 2.930284 2.940086 2.889736 0.073232 0.074022 0.069960 -0.001068 0.073243
4687500 375000.000000 396439 323963 72476 0.105133 0.102822 0.115461 0.818331 0.834784 0.744788 0.061738 0.075550 0.000000 3.048221 3.049396 3.042971 0.084126 0.084234 0.083646 -0.001907 0.084025
4750000 380000.000000 397906 325796 72110 0.133089 0.131916 0.138388 0.819268 0.835275 0.746947 0.076225 0.093097 0.000000 3.253694 3.261998 3.216178 0.108102 0.109062 0.103763 -0.000934 0.108010
4812500 385000.000000 398599 327425 71174 0.146255 0.144534 0.154172 0.821807 0.831875 0.775492 0.082526 0.100465 0.000000 3.331400 3.332621 3.325784 0.118826 0.118662 0.119581 -0.001368 0.118726
4875000 390000.000000 398377 326436 71941 0.150111 0.148500 0.157419 0.820298 0.827604 0.787147 0.084156 0.102702 0.000000 3.346434 3.343201 3.361106 0.121813 0.121374 0.123803 -0.001322 0.121683
4937500 395000.000000 398105 322892 75213 0.149167 0.147824 0.154932 0.810379 0.816998 0.781963 0.082873 0.102178 0.000000 3.344153 3.341158 3.357008 0.119766 0.119502 0.120898 -0.001116 0.119896
5000000 400000.000000 399111 320567 78544 0.154692 0.153416 0.159898 0.802133 0.807667 0.779543 0.085110 0.105963 0.000000 3.401458 3.399182 3.410745 0.123042 0.122847 0.123836 -0.001042 0.123224
