Timestep Time cumulativeSelectionP cumulativeTransmissionP cumulativeSelectionAltruism cumulativeTransmissionAltruism cumulativeSelectionProduct cumulativeTransmissionProduct
0 0.000000 0.000000 -0.000000 0.000000 0.000000 0.000000 0.000000
62500 5000.000000 0.001196 -0.008284 0.027109 0.003064 0.027087 0.002871
125000 10000.000000 0.003388 -0.014015 0.030350 0.003912 0.030384 0.003521
187500 15000.000000 0.004409 -0.018814 0.038709 0.004659 0.038665 0.004080
250000 20000.000000 0.004798 -0.022756 0.043179 0.005079 0.043085 0.004304
312500 25000.000000 0.008353 -0.026234 0.053398 0.005364 0.053377 0.004380
375000 30000.000000 0.010976 -0.029797 0.055437 0.005670 0.055480 0.004449
437500 35000.000000 0.009530 -0.032822 0.061179 0.005957 0.060998 0.004543
500000 40000.000000 0.008891 -0.035051 0.064718 0.006170 0.064375 0.004594
562500 45000.000000 0.004884 -0.036744 0.077752 0.006519 0.076620 0.004809
625000 50000.000000 0.002929 -0.038021 0.076235 0.006621 0.074975 0.004800
687500 55000.000000 -0.002289 -0.039431 0.072078 0.006762 0.070374 0.004821
750000 60000.000000 -0.016314 -0.040387 0.093482 0.006920 0.088909 0.004890
812500 65000.000000 -0.023320 -0.041314 0.098205 0.007008 0.092773 0.004874
875000 70000.000000 -0.032248 -0.042246 0.095223 0.007128 0.089289 0.004886
937500 75000.000000 -0.032876 -0.043110 0.088068 0.007239 0.082719 0.004893
1000000 80000.000000 -0.033338 -0.043968 0.093144 0.007424 0.087610 0.004970
1062500 85000.000000 -0.030205 -0.044771 0.085528 0.007593 0.081058 0.005026
1125000 90000.000000 -0.026347 -0.045698 0.099669 0.007725 0.094730 0.005039
1187500 95000.000000 -0.030450 -0.046416 0.091138 0.007885 0.086230 0.005083
1250000 100000.000000 -0.030755 -0.047122 0.087666 0.008074 0.082898 0.005175
1312500 105000.000000 -0.030869 -0.047918 0.092069 0.008237 0.086935 0.005224
1375000 110000.000000 -0.028793 -0.048895 0.094746 0.008364 0.089623 0.005220
1437500 115000.000000 -0.029217 -0.049964 0.099696 0.008521 0.093553 0.005235
1500000 120000.000000 -0.026921 -0.051493 0.104610 0.008741 0.098481 0.005260
1562500 125000.000000 -0.031196 -0.052764 0.107591 0.008939 0.100619 0.005282
1625000 130000.000000 -0.028129 -0.054174 0.104286 0.009144 0.098243 0.005306
1687500 135000.000000 -0.026443 -0.055289 0.106837 0.009269 0.100659 0.005298
1750000 140000.000000 -0.029290 -0.056339 0.091128 0.009423 0.085975 0.005324
1812500 145000.000000 -0.033910 -0.057238 0.097293 0.009590 0.090734 0.005378
1875000 150000.000000 -0.042989 -0.057889 0.105973 0.009780 0.097171 0.005477
1937500 155000.000000 -0.052752 -0.058435 0.121680 0.009946 0.110170 0.005551
2000000 160000.000000 -0.060512 -0.058726 0.119982 0.010026 0.108011 0.005566
2062500 165000.000000 -0.064128 -0.059040 0.105859 0.010078 0.095444 0.005551
2125000 170000.000000 -0.061182 -0.059091 0.101204 0.010127 0.091629 0.005563
2187500 175000.000000 -0.070002 -0.059215 0.112784 0.010250 0.100479 0.005629
2250000 180000.000000 -0.076984 -0.059352 0.119312 0.010317 0.105517 0.005635
2312500 185000.000000 -0.082126 -0.059638 0.115936 0.010504 0.101568 0.005732
2375000 190000.000000 -0.089016 -0.059773 0.100964 0.010587 0.088470 0.005759
2437500 195000.000000 -0.089756 -0.059856 0.105273 0.010720 0.092394 0.005834
2500000 200000.000000 -0.086094 -0.059962 0.146646 0.010779 0.128718 0.005835
2562500 205000.000000 -0.081946 -0.060063 0.154650 0.010884 0.136065 0.005873
2625000 210000.000000 -0.084295 -0.060202 0.146487 0.010958 0.128770 0.005882
2687500 215000.000000 -0.084247 -0.060225 0.139703 0.011007 0.123128 0.005881
2750000 220000.000000 -0.083178 -0.060171 0.135493 0.011125 0.119424 0.005946
2812500 225000.000000 -0.083533 -0.060153 0.119005 0.011262 0.105285 0.006023
2875000 230000.000000 -0.076320 -0.060133 0.102853 0.011314 0.092502 0.006032
2937500 235000.000000 -0.073558 -0.060171 0.094101 0.011415 0.085256 0.006083
3000000 240000.000000 -0.073118 -0.060235 0.091130 0.011546 0.082584 0.006163
3062500 245000.000000 -0.071801 -0.060276 0.094374 0.011635 0.085645 0.006206
3125000 250000.000000 -0.067663 -0.060319 0.086601 0.011721 0.079459 0.006251
3187500 255000.000000 -0.070873 -0.060404 0.084857 0.011864 0.077716 0.006344
3250000 260000.000000 -0.070568 -0.060485 0.091542 0.012015 0.083371 0.006441
3312500 265000.000000 -0.069824 -0.060499 0.095919 0.012056 0.087244 0.006446
3375000 270000.000000 -0.070786 -0.060516 0.090257 0.012115 0.082213 0.006465
3437500 275000.000000 -0.071296 -0.060554 0.103869 0.012207 0.094134 0.006508
3500000 280000.000000 -0.074932 -0.060554 0.093722 0.012289 0.085112 0.006544
3562500 285000.000000 -0.075397 -0.060562 0.093629 0.012351 0.085117 0.006564
3625000 290000.000000 -0.072945 -0.060591 0.087951 0.012461 0.080325 0.006629
3687500 295000.000000 -0.075686 -0.060597 0.089510 0.012589 0.081587 0.006706
3750000 300000.000000 -0.076931 -0.060548 0.096144 0.012632 0.087009 0.006715
3812500 305000.000000 -0.075346 -0.060604 0.113447 0.012641 0.102084 0.006684
3875000 310000.000000 -0.082041 -0.060623 0.108474 0.012793 0.096794 0.006776
3937500 315000.000000 -0.086840 -0.060613 0.101979 0.012852 0.090485 0.006796
4000000 320000.000000 -0.093276 -0.060582 0.094374 0.012957 0.083375 0.006856
4062500 325000.000000 -0.094474 -0.060575 0.100548 0.013062 0.088629 0.006908
4125000 330000.000000 -0.091030 -0.060636 0.100400 0.013111 0.088946 0.006911
4187500 335000.000000 -0.092863 -0.060637 0.093805 0.013150 0.082852 0.006913
4250000 340000.000000 -0.094068 -0.060673 0.087883 0.013282 0.077663 0.006990
4312500 345000.000000 -0.099514 -0.060677 0.087751 0.013380 0.077266 0.007038
4375000 350000.000000 -0.106509 -0.060716 0.088001 0.013470 0.076519 0.007074
4437500 355000.000000 -0.112409 -0.060768 0.094921 0.013591 0.079993 0.007140
4500000 360000.000000 -0.143969 -0.060829 0.121344 0.013758 0.096936 0.007235
4562500 365000.000000 -0.155133 -0.060844 0.115161 0.013854 0.091252 0.007266
4625000 370000.000000 -0.177264 -0.060905 0.116601 0.013989 0.090225 0.007322
4687500 375000.000000 -0.185204 -0.060950 0.108025 0.014087 0.083017 0.007354
4750000 380000.000000 -0.192709 -0.060960 0.111384 0.014260 0.084900 0.007445
4812500 385000.000000 -0.207639 -0.061003 0.133438 0.014338 0.099763 0.007455
4875000 390000.000000 -0.215899 -0.061041 0.135414 0.014337 0.100465 0.007400
4937500 395000.000000 -0.218735 -0.061093 0.122826 0.014448 0.091104 0.007431
5000000 400000.000000 -0.216860 -0.061110 0.117462 0.014621 0.087399 0.007510
