Timestep Time cumulativeSelectionP cumulativeTransmissionP cumulativeSelectionAltruism cumulativeTransmissionAltruism cumulativeSelectionProduct cumulativeTransmissionProduct
0 0.000000 0.000000 -0.000001 0.000000 0.000000 0.000000 0.000000
62500 5000.000000 0.003393 -0.024032 0.036376 0.003496 0.036091 0.003025
125000 10000.000000 0.012034 -0.038360 0.048053 0.004552 0.047879 0.003307
187500 15000.000000 0.008205 -0.049449 0.049234 0.005366 0.048756 0.003481
250000 20000.000000 0.006587 -0.057318 0.058010 0.005998 0.057072 0.003647
312500 25000.000000 0.009293 -0.063782 0.075613 0.006587 0.074173 0.003660
375000 30000.000000 0.006372 -0.069636 0.075078 0.007181 0.073644 0.003671
437500 35000.000000 0.015981 -0.075662 0.078729 0.007911 0.077944 0.003742
500000 40000.000000 0.021274 -0.082569 0.091679 0.008806 0.090753 0.003777
562500 45000.000000 0.023284 -0.088157 0.087182 0.009588 0.086463 0.003881
625000 50000.000000 0.015751 -0.093136 0.093064 0.010179 0.090873 0.003899
687500 55000.000000 0.011885 -0.097389 0.085731 0.010763 0.083634 0.003987
750000 60000.000000 0.013766 -0.101774 0.082420 0.011337 0.080826 0.004040
812500 65000.000000 0.010813 -0.106478 0.086350 0.011932 0.084586 0.004088
875000 70000.000000 0.017609 -0.110180 0.091619 0.012440 0.090165 0.004125
937500 75000.000000 0.018224 -0.113591 0.098818 0.012992 0.096797 0.004136
1000000 80000.000000 0.022343 -0.116838 0.089729 0.013587 0.089060 0.004211
1062500 85000.000000 0.022815 -0.120675 0.084232 0.014194 0.084290 0.004275
1125000 90000.000000 0.018961 -0.124061 0.084352 0.014677 0.083328 0.004271
1187500 95000.000000 0.013885 -0.127486 0.084203 0.015207 0.082398 0.004336
1250000 100000.000000 -0.002699 -0.130419 0.100066 0.015712 0.094354 0.004416
1312500 105000.000000 -0.001915 -0.132883 0.110594 0.016213 0.103966 0.004444
1375000 110000.000000 -0.004831 -0.134964 0.103110 0.016635 0.097029 0.004451
1437500 115000.000000 -0.012110 -0.136835 0.109617 0.017082 0.102184 0.004497
1500000 120000.000000 -0.016984 -0.138849 0.126353 0.017544 0.115081 0.004521
1562500 125000.000000 -0.026837 -0.140358 0.119794 0.018049 0.107856 0.004609
1625000 130000.000000 -0.033098 -0.141736 0.117417 0.018422 0.105270 0.004619
1687500 135000.000000 -0.041395 -0.142806 0.105156 0.018765 0.094188 0.004625
1750000 140000.000000 -0.069912 -0.143585 0.112539 0.019162 0.096066 0.004679
1812500 145000.000000 -0.097354 -0.143975 0.116273 0.019573 0.095632 0.004720
1875000 150000.000000 -0.109991 -0.144302 0.102389 0.020008 0.084133 0.004787
1937500 155000.000000 -0.131426 -0.144444 0.108714 0.020435 0.085128 0.004861
2000000 160000.000000 -0.155577 -0.144459 0.131515 0.020905 0.097498 0.004914
2062500 165000.000000 -0.186512 -0.144510 0.143359 0.021475 0.100373 0.004959
2125000 170000.000000 -0.197071 -0.144414 0.141956 0.022014 0.097293 0.004970
2187500 175000.000000 -0.225862 -0.144571 0.148927 0.022744 0.095601 0.005033
2250000 180000.000000 -0.264296 -0.144679 0.172085 0.023709 0.099207 0.005031
2312500 185000.000000 -0.287498 -0.144852 0.179000 0.025220 0.095223 0.005077
2375000 190000.000000 -0.313002 -0.145009 0.195908 0.027468 0.095347 0.005121
2437500 195000.000000 -0.331465 -0.145130 0.192599 0.030202 0.089466 0.005185
2500000 200000.000000 -0.351578 -0.145341 0.188010 0.033333 0.083545 0.005201
2562500 205000.000000 -0.378815 -0.145335 0.192910 0.037213 0.078490 0.005223
2625000 210000.000000 -0.398140 -0.145461 0.213487 0.043459 0.083784 0.005255
2687500 215000.000000 -0.397238 -0.145411 0.207784 0.051138 0.085449 0.005273
2750000 220000.000000 -0.403069 -0.145195 2743497.957486 -2336781.934615 0.093476 0.005357
2812500 225000.000000 -0.392518 -0.145013 296005.647094 -291429.149222 0.088327 0.005433
2875000 230000.000000 -0.382628 -0.144902 2502361.827479 -1636301.402174 0.092413 0.005454
2937500 235000.000000 -0.403968 -0.144675 10506317.993689 -8167238.748547 0.098874 0.005496
3000000 240000.000000 -0.424353 -0.144424 28494608.093022 -20636820.987132 0.096281 0.005528
3062500 245000.000000 -0.434688 -0.143792 55734472.787713 -51767637.156642 0.101248 0.005541
3125000 250000.000000 -0.478014 -0.143785 56006094.459629 -55550430.723086 0.104562 0.005576
3187500 255000.000000 -0.522142 -0.143496 73954261.039261 -70637244.084236 0.110129 0.005674
3250000 260000.000000 -0.562570 -0.143093 101070795.080639 -91041009.177715 0.106777 0.005731
3312500 265000.000000 -0.605315 -0.142122 129474148.401438 -121436034.017812 0.103303 0.005732
3375000 270000.000000 -0.648529 -0.141132 183810611.401612 -163772647.903960 0.096027 0.005765
3437500 275000.000000 -0.678100 -0.139702 225230807.720653 -210067002.683185 0.092476 0.005777
3500000 280000.000000 -0.684956 -0.138403 265210903.527749 -259193094.503724 0.091310 0.005788
3562500 285000.000000 -0.696262 -0.137169 314287891.174250 -305211947.651427 0.094635 0.005793
3625000 290000.000000 -0.702346 -0.135451 363160750.755403 -342306405.134160 0.093521 0.005789
3687500 295000.000000 -0.722459 -0.134265 372193673.851935 -353473420.644912 0.092112 0.005796
3750000 300000.000000 -0.717864 -0.132634 454114698.199781 -429896960.301280 0.090209 0.005807
3812500 305000.000000 -0.712708 -0.131338 478698417.809849 -470457183.261506 0.086839 0.005793
3875000 310000.000000 -0.714968 -0.130323 514280857.321512 -506332995.816092 0.078396 0.005863
3937500 315000.000000 -0.714990 -0.129317 529296810.012760 -518290190.397283 0.077183 0.005892
4000000 320000.000000 -0.714930 -0.128309 554235531.076187 -543808876.381785 0.073523 0.005939
4062500 325000.000000 -0.710228 -0.127618 565876645.671649 -563966570.975646 0.070687 0.005971
4125000 330000.000000 -0.719392 -0.126719 596344902.676324 -582772464.997493 0.071766 0.006011
4187500 335000.000000 -0.721615 -0.124974 664040598.262342 -647547284.328952 0.069804 0.006019
4250000 340000.000000 -0.725185 -0.123712 673792903.216884 -668142468.117962 0.069408 0.006104
4312500 345000.000000 -0.727955 -0.122361 709259139.878626 -694485898.221280 0.067171 0.006141
4375000 350000.000000 -0.726001 -0.121118 708829162.698552 -696038088.659670 0.078460 0.006204
4437500 355000.000000 -0.712909 -0.120355 711143816.096159 -704169171.077165 0.076134 0.006243
4500000 360000.000000 -0.689323 -0.119184 740723550.304196 -733633682.624899 0.083827 0.006293
4562500 365000.000000 -0.671188 -0.118717 736564274.962274 -732692315.075475 0.088839 0.006297
4625000 370000.000000 -0.676393 -0.118396 746701086.133438 -745793619.067186 0.074653 0.006335
4687500 375000.000000 -0.674105 -0.118215 752336241.695224 -750514925.241981 0.071405 0.006388
4750000 380000.000000 -0.674383 -0.117993 757310546.826505 -754835279.041481 0.066066 0.006451
4812500 385000.000000 -0.679512 -0.117517 760640312.216702 -759050606.524426 0.065696 0.006482
4875000 390000.000000 -0.692096 -0.116738 788683251.918005 -784101117.470863 0.064118 0.006502
4937500 395000.000000 -0.690830 -0.115695 827647088.189615 -822542792.183841 0.063939 0.006625
5000000 400000.000000 -0.695656 -0.114404 859103405.317322 -847480521.914831 0.059334 0.006745
