Timestep Time cumulativeSelectionP cumulativeTransmissionP cumulativeSelectionAltruism cumulativeTransmissionAltruism cumulativeSelectionProduct cumulativeTransmissionProduct
0 0.000000 0.000000 -0.000001 0.000000 0.000000 0.000000 0.000000
62500 5000.000000 0.006231 -0.025767 0.048234 0.003764 0.047846 0.003114
125000 10000.000000 0.001152 -0.037717 0.054103 0.004616 0.053275 0.003244
187500 15000.000000 -0.006951 -0.045723 0.057324 0.005311 0.055714 0.003393
250000 20000.000000 -0.019310 -0.051775 0.063125 0.005983 0.060219 0.003587
312500 25000.000000 -0.026476 -0.056636 0.073352 0.006498 0.068733 0.003705
375000 30000.000000 -0.047360 -0.060129 0.082827 0.006913 0.075126 0.003760
437500 35000.000000 -0.065745 -0.062368 0.100245 0.007337 0.088469 0.003837
500000 40000.000000 -0.085553 -0.064073 0.111706 0.007653 0.095852 0.003832
562500 45000.000000 -0.101786 -0.065250 0.119701 0.008014 0.100478 0.003884
625000 50000.000000 -0.111766 -0.066146 0.120481 0.008326 0.100562 0.003886
687500 55000.000000 -0.127293 -0.066738 0.134426 0.008666 0.109229 0.003910
750000 60000.000000 -0.141441 -0.067185 0.148283 0.009105 0.118104 0.003986
812500 65000.000000 -0.155769 -0.067450 0.157678 0.009488 0.123340 0.004020
875000 70000.000000 -0.161880 -0.067649 0.173701 0.009916 0.135409 0.004052
937500 75000.000000 -0.169039 -0.067778 0.219949 0.010431 0.170997 0.004059
1000000 80000.000000 -0.174006 -0.067800 0.242794 0.011043 0.187886 0.004082
1062500 85000.000000 -0.185104 -0.067836 0.236474 0.011673 0.180146 0.004113
1125000 90000.000000 -0.189382 -0.067989 0.249373 0.012268 0.189034 0.004071
1187500 95000.000000 -0.194952 -0.068177 0.257505 0.013023 0.194142 0.004091
1250000 100000.000000 -0.198768 -0.068196 0.276802 0.013897 0.206620 0.004187
1312500 105000.000000 -0.216572 -0.068342 0.294557 0.014796 0.213712 0.004202
1375000 110000.000000 -0.221555 -0.068400 0.292967 0.015635 0.210907 0.004158
1437500 115000.000000 -0.231007 -0.068618 0.292679 0.016604 0.206931 0.004148
1500000 120000.000000 -0.241700 -0.068724 0.289827 0.017596 0.200780 0.004136
1562500 125000.000000 -0.251880 -0.068973 0.290969 0.018838 0.196649 0.004177
1625000 130000.000000 -0.268153 -0.069075 0.294354 0.020046 0.192305 0.004187
1687500 135000.000000 -0.283069 -0.069199 0.297278 0.021384 0.187127 0.004189
1750000 140000.000000 -0.294839 -0.069358 0.304099 0.023068 0.184021 0.004244
1812500 145000.000000 -0.317728 -0.069671 0.321498 0.025319 0.183224 0.004233
1875000 150000.000000 -0.334161 -0.070054 0.330127 0.028223 0.180407 0.004301
1937500 155000.000000 -0.354711 -0.070141 -9110.914166 9111.298878 0.181121 0.004351
2000000 160000.000000 -0.376594 -0.070278 -264309.868627 318077.921681 0.182517 0.004436
2062500 165000.000000 -0.389619 -0.070458 -327034.120488 327034.549828 0.180004 0.004417
2125000 170000.000000 -0.406947 -0.070490 -327034.103297 327034.560429 0.177424 0.004406
2187500 175000.000000 -0.429783 -0.070783 -400166.294050 581401.952219 0.178095 0.004437
2250000 180000.000000 -0.459080 -0.070803 6246005.254263 -5957472.744193 0.185034 0.004464
2312500 185000.000000 -0.475474 -0.070849 6555330.904505 -6476352.726245 0.179775 0.004522
2375000 190000.000000 -0.493877 -0.070774 12722233.095785 -7789120.585471 0.175250 0.004567
2437500 195000.000000 -0.518437 -0.070242 87853042.331632 -71450026.680908 0.174945 0.004615
2500000 200000.000000 -0.538395 -0.069823 139999485.231457 -132312206.996104 0.176306 0.004617
2562500 205000.000000 -0.571344 -0.069347 210031245.913103 -203166927.773922 0.179645 0.004636
2625000 210000.000000 -0.638369 -0.068797 242123659.093043 -240235918.299849 0.205299 0.004626
2687500 215000.000000 -0.693544 -0.068308 223689235.898200 -215550950.815365 0.239472 0.004664
2750000 220000.000000 -0.731666 -0.067231 291311000.787031 -259910449.934066 0.246270 0.004720
2812500 225000.000000 -0.753454 -0.065755 505599017.983430 -460630854.876310 0.246098 0.004753
2875000 230000.000000 -0.771196 -0.063900 785536192.452525 -696715914.580152 0.241464 0.004748
2937500 235000.000000 -0.783259 -0.061142 1134339142.617027 -1073291567.643492 0.234622 0.004751
3000000 240000.000000 -0.793947 -0.058126 1379686869.666998 -1304235601.402776 0.228569 0.004782
3062500 245000.000000 -0.804115 -0.055419 1590754595.825446 -1515309127.918083 0.225259 0.004743
3125000 250000.000000 -0.814391 -0.051531 1959046205.507005 -1866048091.420907 0.227082 0.004761
3187500 255000.000000 -0.827846 -0.047567 2309398664.842247 -2201241577.922272 0.222676 0.004823
3250000 260000.000000 -0.831700 -0.043306 2620220120.254696 -2525326111.017450 0.227210 0.004852
3312500 265000.000000 -0.829636 -0.039743 2850819278.288775 -2778276869.785830 0.227351 0.004851
3375000 270000.000000 -0.838695 -0.036619 3082390675.823400 -3005175955.871729 0.224984 0.004838
3437500 275000.000000 -0.847779 -0.033028 3285207157.992667 -3229580546.632746 0.224854 0.004890
3500000 280000.000000 -0.854702 -0.029252 3493960939.468435 -3424536035.423255 0.232094 0.004884
3562500 285000.000000 -0.863268 -0.025349 3866836654.471994 -3788866550.300617 0.227734 0.004883
3625000 290000.000000 -0.869755 -0.021685 4129380999.451755 -4036716064.781928 0.224672 0.004870
3687500 295000.000000 -0.877082 -0.018014 4453725231.455505 -4364832512.503726 0.223220 0.004865
3750000 300000.000000 -0.881226 -0.014729 4696614484.312503 -4643936565.118523 0.221467 0.004825
3812500 305000.000000 -0.887846 -0.011626 4929444611.206181 -4848474636.006457 0.219157 0.004815
3875000 310000.000000 -0.887463 -0.007793 5195032373.648252 -5120352617.664418 0.216852 0.004823
3937500 315000.000000 -0.894044 -0.004599 5387927584.184779 -5335423268.142977 0.216673 0.004824
4000000 320000.000000 -0.899030 -0.001180 5612275319.868328 -5548569457.408217 0.215418 0.004867
4062500 325000.000000 -0.900567 0.002069 5815467797.731603 -5737427253.017219 0.212595 0.004829
4125000 330000.000000 -0.911403 0.005152 5988998639.623038 -5922935176.069022 0.213261 0.004837
4187500 335000.000000 -0.910473 0.009037 6247204499.459759 -6188358139.943776 0.213988 0.004822
4250000 340000.000000 -0.920684 0.012693 6458877194.786585 -6381190971.891710 0.216820 0.004834
4312500 345000.000000 -0.927028 0.016950 6777453439.806277 -6671271768.218795 0.218782 0.004823
4375000 350000.000000 -0.930515 0.020688 6977660511.752929 -6915115579.407537 0.215620 0.004825
4437500 355000.000000 -0.933762 0.025296 7253461564.584797 -7159087228.546098 0.219246 0.004835
4500000 360000.000000 -0.931650 0.029746 7636886763.431772 -7550217683.470695 0.220439 0.004843
4562500 365000.000000 -0.930767 0.032892 7862715705.735641 -7806158821.833200 0.223875 0.004844
4625000 370000.000000 -0.939501 0.036062 8090808195.778737 -8015925167.239106 0.222489 0.004820
4687500 375000.000000 -0.948265 0.039951 8342216695.635984 -8280723211.341165 0.224131 0.004807
4750000 380000.000000 -0.950187 0.043955 8566756215.388507 -8482407071.390418 0.227917 0.004792
4812500 385000.000000 -0.958205 0.047423 8755194459.921459 -8659514605.711086 0.227396 0.004749
4875000 390000.000000 -0.961032 0.051062 9076852395.589382 -9003768920.941927 0.225954 0.004725
4937500 395000.000000 -0.967495 0.054710 9354487906.281189 -9288381026.497795 0.226549 0.004760
5000000 400000.000000 -0.966210 0.057925 9565006088.850405 -9514412630.069906 0.227354 0.004791
